# Recorded ledger of database `postgres` on 192.168.170.10 (production), as of 2026-09-14 after 542.
# One 14-digit version per line; lines starting with # are ignored by release/emit-blocks.ps1 -ImageOnly.
#
# PROVENANCE -- two independent sources, which must agree:
#   (a) 696 versions: supabase_migrations.schema_migrations rows read (pg_restore --data-only, no restore,
#       no database touched) from D:\AfraKalaTest\dumps\afrakala-db-20260913-post-release-696.dump,
#       production's dump taken after the 2026-09-13 release. Its 696 rows / top 20260913111000 equal
#       r542's live preflight on production:
#       docs/research/r542-run-20260914.md:70 (branch feature/r542-run-20260914)
#       "r542_preflight|db=postgres|replica=false|ledger_rows=696|ledger_max=20260913111000|row_542=0|row_526=1"
#   (b) +1 version 20260914130000: the only ledger write since, recorded at r542-run-20260914.md:146,150
#       "r542_ledger_after|rows=697|row_542=1|max=20260914130000". The 526 repair wrote no ledger row
#       (docs/research/r526-repair-run-20260914.md:18-20, 696 -> 696).
#   Result: 697 rows, top 20260914130000. Runbook gate L1 re-reads the live ledger before anything moves.
20260424144837
20260424144853
20260424152129
20260424152914
20260424153755
20260424161505
20260424162922
20260424163731
20260425140309
20260425141526
20260426031528
20260426034455
20260426034514
20260426041331
20260426041755
20260426050228
20260426050918
20260426051402
20260426051801
20260426053202
20260426054457
20260426055737
20260426063503
20260426064457
20260426064935
20260426065532
20260426071905
20260426072208
20260426113650
20260426133456
20260426133542
20260427113812
20260427115012
20260427122421
20260427130908
20260427131529
20260427132453
20260427133517
20260427141056
20260427143147
20260427154648
20260427155716
20260427160754
20260429111842
20260429112517
20260429112943
20260429113435
20260429114045
20260429121637
20260429123447
20260429124850
20260429131128
20260429131154
20260429131955
20260429133450
20260429140006
20260429140848
20260429141333
20260429141900
20260429142854
20260429143232
20260429143744
20260429144253
20260429144530
20260429144944
20260429145300
20260429145651
20260429150032
20260429151148
20260429152227
20260430105047
20260430105647
20260430111352
20260430112107
20260430114832
20260430120340
20260430130842
20260430161153
20260430170353
20260430170417
20260430173737
20260430180123
20260430181533
20260430184523
20260430185634
20260430191533
20260430192816
20260430194127
20260430194148
20260430201059
20260430202057
20260430202403
20260430202830
20260430203846
20260430204242
20260430205231
20260430211258
20260430211922
20260430213617
20260430214955
20260430220307
20260430221158
20260430221910
20260430222725
20260430222835
20260430223619
20260430223658
20260430224702
20260430225657
20260430230617
20260430231712
20260501002351
20260501002429
20260501022947
20260502074325
20260502080949
20260502081614
20260502082111
20260502082344
20260502083402
20260502085915
20260502090826
20260502091340
20260502125537
20260502130117
20260502131037
20260502131610
20260502132422
20260503095348
20260504080756
20260504110227
20260504111448
20260504112854
20260504114709
20260504120758
20260505104936
20260505111424
20260505113335
20260505120710
20260505122501
20260505222456
20260506160309
20260506162319
20260506163859
20260506164214
20260506170519
20260506170547
20260506170956
20260506171839
20260506171926
20260506172643
20260506173558
20260506174329
20260506175240
20260506180452
20260506192603
20260506195804
20260506200000
20260506200142
20260506200506
20260506200900
20260506203207
20260506203803
20260506205326
20260506210000
20260506211411
20260506211812
20260506213452
20260506214117
20260506215400
20260506215906
20260506220434
20260506220823
20260506221117
20260506221928
20260506222729
20260506223339
20260506223602
20260506224009
20260506224324
20260506224851
20260506230647
20260509093004
20260509104248
20260509160738
20260509162933
20260509203643
20260511073017
20260511073431
20260511080438
20260511120917
20260511162928
20260511163450
20260511164550
20260511185439
20260513094209
20260516125845
20260516134207
20260516143720
20260516161314
20260516162827
20260516164649
20260516171436
20260516173512
20260516182100
20260516182839
20260516183422
20260516183919
20260516200101
20260517110755
20260517111206
20260517111720
20260517112723
20260517122942
20260517140510
20260517160721
20260517161002
20260517164801
20260517171553
20260517172658
20260522162314
20260530130600
20260605120000
20260608074437
20260608091000
20260610070014
20260610081305
20260610082452
20260610101847
20260613090000
20260613123000
20260615065224
20260615070932
20260615080500
20260615101000
20260615130747
20260616070854
20260616090000
20260616102000
20260616113000
20260616113206
20260616120931
20260616123000
20260616143000
20260616170000
20260617052612
20260617105834
20260624104300
20260624104327
20260624105148
20260624111051
20260624121249
20260624124802
20260624141510
20260625010705
20260625014207
20260625014241
20260625021232
20260625021259
20260625031700
20260625033526
20260625045136
20260625072325
20260625073354
20260625084041
20260626081718
20260626082118
20260626082534
20260626083132
20260626083253
20260626083408
20260626083725
20260626085149
20260626085400
20260626085857
20260626141801
20260626141822
20260626142302
20260626145739
20260626150154
20260626150551
20260628150706
20260628152124
20260628152240
20260628152353
20260628152557
20260630153730
20260630154342
20260630161610
20260630162146
20260630164949
20260630170433
20260630171113
20260630190509
20260701131009
20260701131755
20260701134828
20260701143759
20260701144445
20260701163134
20260701163903
20260702085512
20260702091255
20260703042200
20260703060737
20260703062127
20260703104944
20260703153337
20260704112015
20260704112140
20260704133438
20260704161735
20260704181332
20260704201224
20260705022529
20260711162316
20260712090916
20260712091446
20260712091711
20260712120000
20260715084810
20260715085412
20260715091458
20260715091854
20260715094331
20260715095203
20260715095831
20260715100517
20260715103419
20260715104735
20260715110933
20260715111716
20260715114218
20260715123708
20260715124453
20260716161316
20260716161317
20260716161500
20260716161700
20260716162000
20260716162300
20260716162600
20260716162900
20260718083808
20260718093858
20260718095035
20260718194029
20260718194633
20260718195703
20260719120000
20260719130000
20260719140000
20260720100000
20260720110000
20260720120000
20260720130000
20260721100000
20260722111653
20260722140000
20260722150000
20260722160000
20260722170000
20260722180000
20260722190000
20260722200000
20260722230000
20260722235000
20260723121101
20260723130000
20260723170000
20260723170500
20260724080000
20260724090000
20260724100000
20260724110000
20260724120000
20260724130000
20260724140000
20260724150000
20260725100000
20260726090000
20260726100000
20260726101000
20260726110000
20260726120000
20260726130000
20260726131000
20260726140000
20260726141000
20260726142000
20260726150000
20260726151000
20260726200000
20260728190000
20260728190500
20260728191000
20260728191500
20260728192000
20260728200000
20260728201000
20260728202000
20260728203000
20260729120000
20260729143000
20260729170000
20260729190000
20260729193000
20260729200000
20260730150500
20260730154500
20260730172000
20260730190000
20260730193000
20260730202000
20260731080000
20260731210000
20260731211500
20260731220000
20260731230000
20260801090000
20260801160000
20260801180000
20260801190000
20260801200000
20260801210000
20260801220000
20260801230000
20260802000000
20260802010000
20260802011000
20260802020000
20260802030000
20260802040000
20260802050000
20260802060000
20260802070000
20260802080000
20260802081000
20260802082000
20260802083000
20260802084000
20260802090000
20260802100000
20260802101000
20260802120000
20260802121000
20260802130000
20260802140000
20260802141000
20260802142000
20260802150000
20260802151000
20260802152000
20260803090000
20260803140000
20260803163000
20260803174500
20260803183000
20260803193000
20260803210000
20260803223000
20260803233000
20260804090000
20260804120000
20260804140000
20260804160000
20260804190000
20260804210000
20260804223000
20260804233000
20260805003000
20260805013000
20260805023000
20260805033000
20260805043000
20260805053000
20260805063000
20260805073000
20260805083000
20260805093000
20260805103000
20260805113000
20260805123000
20260805133000
20260805143000
20260805153000
20260805163000
20260805173000
20260805183000
20260805193000
20260805203000
20260805213000
20260806010000
20260807010000
20260807030000
20260807040000
20260807050000
20260807060000
20260807070000
20260807080000
20260807090000
20260807100000
20260808010000
20260808020000
20260808050000
20260808060000
20260808065000
20260808070000
20260808080000
20260808090000
20260808100000
20260808110000
20260808120000
20260808130000
20260808170000
20260808180000
20260808190000
20260808200000
20260808210000
20260808220000
20260808230000
20260810120000
20260811180000
20260818151000
20260818152000
20260818153000
20260818154000
20260818155000
20260818156000
20260818158000
20260818160000
20260818161000
20260818170000
20260818180000
20260818181000
20260819090000
20260819091000
20260819092000
20260819093000
20260819100000
20260819101000
20260819110000
20260819111000
20260819112000
20260819120000
20260819130000
20260819131000
20260819140000
20260819150000
20260819151000
20260819160000
20260819170000
20260819180000
20260821120000
20260821121000
20260822143000
20260822171000
20260822193000
20260822210000
20260822211000
20260822212000
20260822220000
20260822233000
20260822234000
20260823001000
20260823010000
20260823160000
20260823183000
20260823210000
20260824120000
20260824193000
20260824210000
20260824234500
20260825020000
20260825043000
20260825120000
20260825180000
20260826090000
20260826140000
20260826180000
20260826200000
20260826220000
20260826230000
20260827000000
20260827010000
20260827020000
20260827030000
20260827040000
20260827050000
20260827060000
20260827070000
20260827080000
20260827090000
20260827100000
20260827110000
20260827120000
20260828000000
20260828010000
20260829000000
20260829120000
20260831090000
20260831140000
20260831170000
20260831190000
20260831210000
20260903100000
20260903140000
20260903160000
20260904113000
20260904150000
20260904160000
20260904190000
20260904193000
20260904200000
20260904210000
20260905100000
20260905110000
20260905130000
20260905140000
20260905163000
20260905170000
20260905170500
20260905172000
20260905183000
20260905220000
20260905221500
20260905224500
20260905230000
20260905231500
20260906090000
20260906091500
20260906093000
20260906094500
20260906100000
20260906101500
20260906103000
20260906110000
20260906111500
20260906113000
20260906114500
20260906120000
20260906130000
20260906140000
20260906150000
20260906160000
20260906170000
20260906171500
20260906180000
20260906181000
20260906182000
20260906190000
20260906190500
20260906191000
20260906191500
20260906192000
20260906192500
20260906193000
20260906193500
20260906194000
20260906194500
20260906200000
20260906201000
20260906202000
20260906210000
20260906211000
20260906212000
20260907060000
20260907090000
20260907093000
20260907100000
20260907103000
20260907110000
20260907113000
20260907123000
20260907130000
20260907140000
20260907150000
20260907154500
20260907170000
20260908030000
20260908034500
20260908120000
20260912140000
20260912143000
20260912150000
20260913090000
20260913091000
20260913092000
20260913094000
20260913095000
20260913100000
20260913103000
20260913104000
20260913105000
20260913110000
20260913111000
20260914130000
